[MultTrials]
ntrials = 1
Target_noise = 0

[ModelArchitecture]
architecture = hierarchical_xdotdot

[artictotask]
Task_model_path = FACTS_Modules/LWPR_Model/ArtictoState_March2024HRMaeda.txt

[InitialCondition]
x_tilde_init = [26.59689578, 25.72407735, 28.09714732, 19.56933159, 22.89111123, 28.62428156, 10.44875523, 0, 0, 0, 0, 0, 0, 0]
a_tilde_init = [-1.7,0.25,0,0,1.1,0,0,0,0,0,0,0]


[TaskSFCLaw]
xdotdot_mean = [0, 0, -0.48132538, 0, 0, 0, 0]
noise_scale = 0


[ArticSFCLaw]
model_type = lwpr
model_path = FACTS_Modules/LWPR_Model/ArtictoState_March2024HRMaeda.txt
adotdot_mean = [0.05122829, -0.03965385,  0.02556402,  0.01291409, -0.02175598, 0.00375981]
noise_scale = 0.01

[AcousticSynthesis]
TC = [1,1,0,0]
PC = [0.00114,35000,1600,1.5,300000]
anc = 0.0

[TaskStateEstimator]
model_type = lwpr
process_scale = 0.01
covariance_scale = 0.035
Task_model_path = FACTS_Modules/LWPR_Model/ArtictoState_March2024HRMaeda.txt
TSP_model_path = FACTS_Modules/LWPR_Model/TaskSP_model_040722_1e-15m.txt
Formant_model_path = FACTS_Modules/LWPR_Model/TasktoFormant_01_June22HRMaeda.txt
model_path = FACTS_Modules/DNN_Model/models/03-11-22/gradient/task_state_est/model
feedback_type = full
learn = False
lwpr_init_lambda = 0.985
lwpr_tau_lambda = 0.995
lwpr_final_lambda = 0.99995
F1_Prediction_Error_Threshold = 5
AUKF = False
Auditory_sensor_scale_est = 0.01
nAuditory = 3
norms_Auditory = [600, 1646, 2444]
norms_AADOT = [-0.745,0.443,0.354,-0.427,-0.16,0.18,-2.216, 1.131, 2.562, -1.669, -0.160, 0.168]
Auditory_delay = 100
AUKF_Rmult_for_pert = 5000
AUKF_Qmult_for_pert = 5
AUKF_Pmult_for_pert = 5
AUKF_learning_rate = 1.1
a_mins = [-1.7, -3.0, -1.0, -3.0, -1.3, -0.8]
a_maxs = [1.5, 3.0, 2.0, 1.0, 1.3, 1.8]
adot_mins = [-20.0, -20.0, -20.0, -20.0, -19.99, -20.0]
adot_maxs = [20.0, 20.0, 20.0, 20.0, 19.99, 20.0]
x_mins = [0.07, 1.8, 2.25, 0.63, 2.35, 0.74, 7.78]
x_maxs = [57.1, 55.07, 64.66, 29.09, 54.48, 30.68, 20.75]
xdot_mins = [-303.03, -291.41, -333.53, -160.8, -224.09, -239.14, -91.96]
xdot_maxs = [326.66, 295.69, 365.25, 171.79, 215.55, 237.94, 92.14]
sensory_error_threshold = 10000
x_tilde_init = [26.59689578, 25.72407735, 28.09714732, 19.56933159, 22.89111123, 28.62428156, 10.44875523, 0, 0, 0, 0, 0, 0, 0]
x_tilde_norm = [26.40283236, 25.3843369,  27.34743311, 19.44732329, 23.42744559, 28.66288889, 10.44613545, -1.89404232, -2.30970861, -3.01073501,-0.70770495, 2.0016676, -0.52957086, 0.11615935]
AUKF_learning_rate_P = 1.1
AUKF_learning_rate_R = 1.03
AUKF_learning_rate_Q = 1.01
AUKF_gain_attenuation = 1
artic_to_task_noise_scale = 0


[SensoryNoise]
Auditory_sensor_scale = 0.004
Somato_sensor_scale = 0.01
nAuditory = 3
norms_Auditory = [600, 1646, 2444]
norms_AADOT = [-0.745,0.443,0.354,-0.427,-0.16,0.18,-2.216, 1.131, 2.562, -1.669, -0.160, 0.168]

[SensoryDelay]
Auditory_delay = 165
Somato_delay = 165

[ArticStateEstimator]
model_type = lwpr
process_scale = 0.0001
covariance_scale = 0.0000061 
Formant_model_path = FACTS_Modules/LWPR_Model/ArtictoFormant_Aug19HRMaeda.txt
Somato_model_path = FACTS_Modules/LWPR_Model/ArtictoSomato_Apr29HRMaeda.txt
ASP_model_path = FACTS_Modules/LWPR_Model/ASP_model_Aug6_1e-7_Update.txt
feedback_type = full
learn = False
Somato_sensor_scale_est = 0.1
norms_AADOT = [-0.745,0.443,0.354,-0.427,-0.16,0.18,-2.216, 1.131, 2.562, -1.669, -0.160, 0.168]
Somato_delay = 50
cc_discount_from_delay = 50
AUKF_Rmult_for_pert = 5
AUKF_Qmult_for_pert = 5
AUKF_Pmult_for_pert = 5

[Gesture]
Natural_frequency = 3.9

[ArticKinematics]
plant_scale = 0.01
norms_ADOTDOT = [6, 6, 6, 6, 6, 6]

[AudPerturbation]
AudDelay = 10
PerturbMode = 1
PerturbOnsetFrame = 40
PerturbOffsetFrame = 250
PerturbOnsetTrial = 0
PerturbOffsetTrial = 5
PerturbExtentF1 = 150
PerturbExtentF2 = 0
PerturbExtentF3 = 0